-82	 
-77	
-73	
-69	
-65	
-60	
-56	
-53	
-48	
-44	
-40	
-36	
-32	
-27	
-23	
-19	
-15	
-11	
-7	
-2	
2	
5	
10	
14	
18	
22	
26	
30	
34	
38	
42	
46	
50	
54	
59	
62	
67	
71	
74	
78	
83	
86	
90	
94	
98	
102	
105	
107	
108	
108	
108	
107	
106	
105	
103	
102	
101	
98	
97	
95	
94	
93	
91	
89	
88	
86	
85	
84	
82	
81	
79	
78	
76	
74	
73	
72	
71	
69	
67	
66	
64	
62	
61	
60	
59	
57	
56	
54	
52	
50	
49	
48	
46	
45	
43	
41	
40	
38	
37	
36	
34	
33	
31	
30	
28	
27	
24	
23	
22	
20	
19	
17	
16	
15	
12	
11	
9	
8	
6	
5	
3	
2	
0	
-2	
-3	
-4	
-5	
-8	
-9	
-10	
-13	
-14	
-15	
-17	
-18	
-20	
-21	
-24	
-25	
-26	
-28	
-29	
-31	
-32	
-34	
-36	
-37	
-38	
-40	
-42	
-44	
-45	
-47	
-48	
-50	
-51	
-53	
-54	
-56	
-57	
-60	
-61	
