-86	 
-81	
-76	
-72	
-68	
-63	
-60	
-56	
-51	
-46	
-42	
-38	
-34	
-30	
-26	
-21	
-17	
-13	
-8	
-3	
1	
5	
9	
14	
18	
22	
26	
30	
35	
39	
43	
48	
52	
56	
59	
64	
67	
72	
76	
80	
84	
88	
92	
96	
101	
105	
109	
112	
116	
119	
122	
124	
128	
130	
132	
134	
136	
138	
139	
140	
140	
140	
140	
139	
138	
137	
137	
135	
134	
133	
132	
132	
130	
129	
128	
127	
125	
124	
123	
121	
120	
119	
117	
116	
114	
113	
112	
111	
109	
108	
107	
105	
103	
102	
101	
99	
98	
96	
95	
93	
92	
90	
89	
87	
86	
85	
83	
82	
81	
79	
78	
76	
75	
74	
73	
71	
70	
69	
68	
66	
65	
63	
62	
61	
60	
58	
57	
56	
54	
53	
52	
50	
49	
48	
46	
45	
44	
42	
41	
39	
38	
37	
35	
34	
32	
31	
30	
28	
27	
26	
25	
23	
22	
20	
19	
17	
17	
15	
13	
12	
10	
9	
8	
6	
5	
4	
2	
0	
0	
-2	
-4	
-4	
-6	
-8	
-9	
-10	
-12	
-13	
-14	
-16	
-17	
-19	
-20	
-22	
-23	
-24	
-26	
-28	
-29	
-30	
-32	
-32	
-34	
-36	
-38	
-38	
