-72	 
-66	
-61	
-56	
-51	
-46	
-41	
-36	
-31	
-26	
-20	
-15	
-10	
-5	
0	
5	
10	
16	
21	
28	
34	
38	
44	
48	
54	
59	
64	
69	
74	
80	
84	
90	
95	
100	
105	
109	
113	
117	
120	
123	
125	
126	
126	
125	
124	
123	
121	
119	
119	
116	
114	
114	
112	
110	
110	
108	
106	
105	
104	
102	
101	
98	
98	
96	
95	
93	
92	
91	
89	
88	
86	
85	
84	
82	
81	
80	
78	
77	
76	
74	
73	
72	
70	
70	
68	
67	
66	
65	
64	
62	
62	
60	
59	
58	
57	
56	
54	
53	
52	
51	
50	
48	
47	
46	
45	
44	
43	
42	
40	
39	
38	
36	
36	
34	
33	
32	
31	
30	
29	
28	
27	
26	
25	
23	
22	
21	
20	
19	
17	
17	
16	
14	
13	
12	
11	
10	
9	
7	
6	
4	
3	
1	
0	
-1	
-3	
-3	
-5	
