-124	 
-119	
-115	
-111	
-106	
-102	
-98	
-94	
-89	
-84	
-80	
-76	
-72	
-67	
-63	
-58	
-54	
-50	
-45	
-41	
-36	
-32	
-28	
-23	
-18	
-14	
-10	
-6	
-2	
3	
7	
11	
15	
20	
24	
28	
32	
37	
41	
45	
50	
54	
58	
62	
66	
71	
74	
79	
83	
86	
90	
94	
97	
101	
103	
106	
108	
111	
113	
115	
117	
118	
120	
122	
124	
124	
125	
125	
126	
126	
126	
125	
125	
124	
123	
122	
120	
120	
119	
118	
117	
116	
115	
114	
113	
112	
110	
109	
108	
107	
106	
105	
104	
102	
101	
99	
98	
96	
95	
94	
92	
91	
90	
88	
87	
85	
84	
82	
80	
79	
78	
76	
74	
73	
72	
69	
68	
66	
64	
63	
62	
60	
59	
57	
56	
55	
53	
52	
51	
49	
48	
46	
45	
44	
42	
41	
40	
38	
37	
36	
34	
33	
32	
31	
29	
28	
26	
25	
24	
22	
21	
20	
19	
18	
16	
15	
13	
12	
11	
9	
8	
7	
5	
4	
2	
1	
-1	
-1	
-3	
-5	
-6	
-7	
-9	
-11	
-12	
-13	
-15	
-16	
-18	
-19	
-20	
-22	
-24	
-26	
-27	
-29	
-30	
-30	
-33	
-34	
-36	
-37	
-38	
-40	
-42	
-43	
-44	
-45	
-46	
-48	
-50	
-51	
-53	
-54	
-55	
-56	
-58	
-59	
-61	
-62	
-63	
-64	
-67	
-68	
-68	
-70	
-72	
-74	
-75	
-76	
-76	
-78	
-80	
-80	
-82	
-84	
-85	
-86	
-88	
-89	
-91	
-92	
-93	
-94	
-96	
-97	
-98	
-100	
-102	
-103	
-104	
-107	
-107	
-109	
-110	
-111	
-113	
-114	
-115	
-117	
-118	
-119	
-121	
-122	
-124	
