-178 
-172
-165
-159
-152
-147
-141
-135
-129
-123
-116
-110
-104
-97
-91
-84
-78
-72
-66
-58
-52
-46
-40
-33
-27
-20
-14
-9
-2
3
9
15
21
27
33
38
44
50
54
58
61
62
62
62
60
59
56
55
54
51
50
48
47
45
43
41
40
39
37
35
33
32
30
28
27
25
24
22
20
18
17
16
14
13
11
9
7
6
4
3
1
-2
-3
-4
-5
-7
-9
-12
-13
-15
-16
-18
-19
-20
-22
-23
-25
-26
-27
-28
-30
-32
-33
-34
-36
-38
-39
-40
-42
-43
-44
-46
-47
-48
-50
-52
-53
-54
-56
-58
-59
-60
-62
-63
-65
-66
-68
-69
-70
-72
-74
-75
-77
-78
-80
-81
-82
-84
-86
-90
-90
-93
-94
-95
-98
-97
-99
-100
-101
-103
-105
-107
-108
-110
-111
-113
-114
-116
-117
-119
-121
-122
-124
-125
-127
-129
-130
-132
-133
-135
-136
-138
-139
-141
-143
-144
-145
-147
-149
-150
-151
-153
-155
-156
-158
-160
-161
-163
-164
-166
-167
-169
-170
-172
-173
-175
-176
-177
-179
-181
-183
-184
-186
-187
-189
-190
