-208 
-199
-191
-184
-175
-167
-158
-149
-141
-132
-123
-114
-106
-98
-88
-81
-72
-63
-54
-46
-38
-30
-21
-13
-5
3
11
19
27
35
43
50
55
58
60
60
59
58
56
54
51
49
46
44
42
39
36
34
31
28
26
24
22
19
17
15
12
10
8
5
3
0
-2
-4
-7
-10
-12
-14
-17
-19
-21
-23
-26
-28
-30
-33
-35
-37
-40
-42
-45
-47
-50
-52
-54
-57
-59
-62
-64
-66
-69
-70
-74
-75
-78
-80
-82
-85
-87
-90
-93
-95
-97
-100
-102
-105
-107
-109
-112
-114
-117
-119
-122
-124
-127
-129
-131
-134
-136
-140
-142
-144
-146
-149
-151
-154
-157
-158
-161
-163
-166
-169
-171
-173
-176
-178
-181
-183
-186
-187
-191
-192
