-243 
-233
-224
-215
-206
-196
-186
-177
-167
-158
-149
-139
-129
-120
-111
-100
-90
-81
-71
-62
-52
-43
-34
-24
-15
-6
3
12
21
30
39
47
55
60
67
72
74
73
72
70
68
66
63
61
58
56
54
50
48
45
43
40
37
34
32
29
26
24
22
19
17
14
11
9
6
3
0
-2
-5
-8
-10
-13
-16
-18
-21
-23
-26
-28
-30
-32
-35
-37
-39
-41
-43
-46
-48
-51
-53
-55
-58
-60
-63
-65
-68
-70
-73
-75
-78
-80
-83
-85
-87
-90
-92
-95
-97
-100
-102
-105
-107
-110
-112
-115
-117
-119
-122
-124
-127
-129
-132
-135
-137
-140
-142
-144
-147
-149
-152
-154
-157
-159
-161
-164
-166
-169
-171
-174
-176
-179
-182
-184
-186
-189
