-187 
-179
-173
-164
-158
-151
-144
-137
-129
-123
-115
-108
-101
-94
-87
-81
-74
-67
-60
-55
-46
-39
-33
-26
-18
-12
-5
2
9
15
22
28
35
39
41
44
41
41
39
37
35
31
30
29
27
25
22
21
20
18
16
16
14
13
10
9
7
7
7
6
4
2
1
-1
-2
-4
-5
-7
-8
-10
-12
-13
-15
-15
-17
-18
-20
-22
-24
-26
-27
-28
-30
-32
-31
-33
-35
-36
-38
-39
-41
-43
-44
-46
-47
-49
-51
-50
-52
-54
-56
-57
-59
-60
-62
-64
-66
-67
-69
-71
-71
-72
-74
-77
-78
-79
-80
-82
-84
-85
-87
-88
-90
-92
-93
-94
-97
-98
-99
-101
-103
-105
-106
-108
-109
-110
-112
-114
-115
-116
-118
-120
-122
-123
-125
-126
-128
-130
-131
-133
-135
-137
-138
-139
-141
-143
-144
-146
-147
-149
-151
-153
-154
-155
-157
-158
-160
-161
-163
-165
-167
-169
-170
-171
-173
-175
-177
-178
-179
-181
-182
-184
-184
-186
-189
-191
-193
-194
